res1: 9.889
res2: 30.357
res3: -205.939
res4: -1.96629
res5: 9.889
res6: -20.123
res7: 10.234
res8: 3
res9: 4
res10: 5
res11: 4
res12: 122.999999999999999999999999999999999999999999999999999999999
