res1: 9.889
res2: 30.357
res3: -205.939
res4: -1.96629
res5: 9.889
res6: -20.123
res7: 10.234
res8: 4.99e+10
res9: 6.32456
res10: 4e-10
res11: 5e+10
res12: 3
res13: 4
res14: 5
res15: 4
